function map = myColourMap_RedBlue()

%colour map for the heatmaps with black,blue->brown->yellow - simulating
%the map from Neil's lab
%generated using colormapeditor
%saved: cmap = colormap(gca);

red = [0.208100005984306;0.232846885919571;0.257593750953674;0.282340615987778;0.307087510824204;0.331834375858307;0.356581240892410;0.381328135728836;0.406075000762939;0.430821865797043;0.455568760633469;0.480315625667572;0.505062520503998;0.529809355735779;0.554556250572205;0.579303145408630;0.604049980640411;0.628796875476837;0.653543770313263;0.678290605545044;0.703037500381470;0.727784395217896;0.752531230449677;0.777278125286102;0.802025020122528;0.826771855354309;0.851518750190735;0.876265645027161;0.901012480258942;0.925759375095367;0.950506269931793;0.975253105163574;1;1;1;1;1;1;1;1;1;1;1;1;1;1;1;1;1;1;1;1;1;1;1;1;1;1;1;1;1;1;1;1];
green = [0.166299998760223;0.192353129386902;0.218406245112419;0.244459375739098;0.270512491464615;0.296565622091293;0.322618752717972;0.348671883344650;0.374724984169006;0.400778114795685;0.426831245422363;0.452884376049042;0.478937506675720;0.504990637302399;0.531043767929077;0.557096898555756;0.583150029182434;0.609203100204468;0.635256230831146;0.661309361457825;0.687362492084503;0.713415622711182;0.739468753337860;0.765521883964539;0.791575014591217;0.817628145217896;0.843681275844574;0.869734346866608;0.895787477493286;0.921840608119965;0.947893738746643;0.973946869373322;1;0.967741906642914;0.935483872890472;0.903225779533386;0.870967745780945;0.838709652423859;0.806451618671417;0.774193525314331;0.741935491561890;0.709677398204804;0.677419364452362;0.645161271095276;0.612903237342835;0.580645143985748;0.548387110233307;0.516129016876221;0.483870953321457;0.451612889766693;0.419354826211929;0.387096762657166;0.354838699102402;0.322580635547638;0.290322571992874;0.258064508438110;0.225806444883347;0.193548381328583;0.161290317773819;0.129032254219055;0.0967741906642914;0.0645161271095276;0.0322580635547638;0];
blue = [0.529200017452240;0.543912529945374;0.558625042438507;0.573337495326996;0.588050007820129;0.602762520313263;0.617475032806397;0.632187485694885;0.646899998188019;0.661612510681152;0.676325023174286;0.691037535667419;0.705749988555908;0.720462501049042;0.735175013542175;0.749887526035309;0.764600038528442;0.779312491416931;0.794025003910065;0.808737516403198;0.823450028896332;0.838162481784821;0.852874994277954;0.867587506771088;0.882300019264221;0.897012531757355;0.911724984645844;0.926437497138977;0.941150009632111;0.955862522125244;0.970574975013733;0.985287487506867;1;0.967741906642914;0.935483872890472;0.903225779533386;0.870967745780945;0.838709652423859;0.806451618671417;0.774193525314331;0.741935491561890;0.709677398204804;0.677419364452362;0.645161271095276;0.612903237342835;0.580645143985748;0.548387110233307;0.516129016876221;0.483870953321457;0.451612889766693;0.419354826211929;0.387096762657166;0.354838699102402;0.322580635547638;0.290322571992874;0.258064508438110;0.225806444883347;0.193548381328583;0.161290317773819;0.129032254219055;0.0967741906642914;0.0645161271095276;0.0322580635547638;0];
map = [red green blue];